0 20.3 405.2721434344212 1511.978025528433 7013.583984375 0.51806640625 0 0
10 5.8 1.320177801724138 2.5004163231697594 7013.583984375 0.51806640625 405.2721434344212 203
20 8 0.8068267822265623 0.3166068588928109 7013.583984375 0.51806640625 315.5050399604885 261
30 8.3 0.8605015766189759 0.4547469108084585 7013.583984375 0.51806640625 241.67554713274376 341
40 8.6 0.8936710801235465 0.9485506582708495 7013.583984375 0.51806640625 194.53486604510613 424
50 7.5 0.8346419270833334 0.3757659337409101 7013.583984375 0.51806640625 161.88164493336396 510
60 9.6 0.9182891845703128 0.8688145010034819 7013.583984375 0.51806640625 141.2345932658921 585
70 9.2 2.562197477921195 5.550986810133261 7013.583984375 0.51806640625 121.45432132491281 681
80 7.8 0.7801106770833334 0.10674782338648617 7013.583984375 0.51806640625 107.30415910767707 773
90 9.1 6.094176575377747 17.918235687007346 7013.583984375 0.51806640625 97.54049779441466 851
100 7.4 0.8266898490287161 0.09780090302070625 7013.583984375 0.51806640625 88.70651134968816 942
110 8.8 1.2763061523437498 2.151827816050054 7013.583984375 0.51806640625 82.30581568920707 1016
111 0.2 0.653076171875 0.10107421875 7013.583984375 0.51806640625 75.84694174061651 1104
