0 27 2038.8301748770255 2602.590331739807 7426.994873046875 19.13818359375 0 0
10 44 2982.352250532671 3453.279992293241 13037.556884765625 19.13818359375 2038.8301748770255 270
20 44.7 1456.1664744127506 321.4680324547583 13037.556884765625 19.13818359375 2623.548080917144 710
30 47.3 1388.5233734969613 288.6138722794121 13037.556884765625 19.13818359375 2172.5372096055935 1157
40 37.5 1897.6787871093752 804.3362746286856 13037.556884765625 19.13818359375 1945.0289001090396 1630
50 51.8 1130.3461207091568 292.0338992089389 13037.556884765625 19.13818359375 1936.1728939370323 2005
60 47.8 1131.7428494377616 260.9979362311517 13037.556884765625 19.13818359375 1770.727682469716 2523
70 47.6 1187.8916066915042 251.34774631575712 13037.556884765625 19.13818359375 1668.9500249591283 3001
80 40.4 2361.578763149755 1222.586245319295 13037.556884765625 19.13818359375 1603.0933073590738 3477
90 46.3 1479.7035800612518 338.65135182672066 13037.556884765625 19.13818359375 1682.04927853646 3881
100 49.8 1241.4685691006212 228.75234002601252 13037.556884765625 19.13818359375 1660.4825063463077 4344
110 48.7 1260.7445466905165 378.4190439110461 13037.556884765625 19.13818359375 1617.3868969393784 4842
111 3.9 1095.5767540564907 186.82325250406228 13037.556884765625 19.13818359375 1584.7945110187186 5329
