0 27 2039.0749620225695 2602.5563354847245 7427.08203125 19.26611328125 0 0
10 44 2982.485799338601 3453.2801345201547 13037.657958984375 19.26611328125 2039.0749620225695 270
20 44.7 1456.300202303552 321.47130451404 13037.657958984375 19.26611328125 2623.7239316268706 710
30 47.3 1388.652457303779 288.61510729852563 13037.657958984375 19.26611328125 2172.6967864172566 1157
40 37.5 1897.816982421875 804.3350601116929 13037.657958984375 19.26611328125 1945.1796283370882 1630
50 51.8 1130.4906373484246 292.0405557277024 13037.657958984375 19.26611328125 1936.3212781035695 2005
60 47.8 1131.8701463005063 260.99699832164026 13037.657958984375 19.26611328125 1770.8752725898298 2523
70 47.6 1188.0094563460145 251.3490200980892 13037.657958984375 19.26611328125 1669.0943827643396 3001
80 40.4 2361.7262633673045 1222.5740776363657 13037.657958984375 19.26611328125 1603.2340362083653 3477
90 46.3 1479.8373928523217 338.63912934284997 13037.657958984375 19.26611328125 1682.1907122640755 3881
100 49.8 1241.5914757663477 228.75109004402768 13037.657958984375 19.26611328125 1660.6231278055943 4344
110 48.7 1260.8700053941557 378.4196009805056 13037.657958984375 19.26611328125 1617.5256964310497 4842
111 3.9 1095.7015224358975 186.85404618549273 13037.657958984375 19.26611328125 1584.932091339106 5329
