0 22.8 2245.173536869518 3151.4291226647665 7020.36181640625 0.493896484375 0 0
10 5.5 0.9093705610795455 0.7829900924519477 7020.36181640625 0.493896484375 2245.173536869518 228
20 7.6 0.853624845805921 0.41835648226645794 7020.36181640625 0.493896484375 1809.0091229226484 283
30 7.9 0.863905508306962 0.5840238610505326 7020.36181640625 0.493896484375 1426.2241149732333 359
40 9.4 0.7863094248670213 0.13475260242825976 7020.36181640625 0.493896484375 1169.1385977409748 438
50 10.9 0.9318354895355505 0.5837412219941515 7020.36181640625 0.493896484375 962.7004114595572 532
60 7.7 0.8165584415584416 0.25254734052356403 7020.36181640625 0.493896484375 799.1547409747953 641
70 6.8 0.8104858398437501 0.11058014702206007 7020.36181640625 0.493896484375 713.5390863020109 718
80 7.2 0.9899190266927084 1.2494998881386294 7020.36181640625 0.493896484375 651.8780877887446 786
90 10.2 0.8590470856311274 0.8952441705782653 7020.36181640625 0.493896484375 597.258101598922 858
100 8.6 0.780287631722384 0.11976684875846366 7020.36181640625 0.493896484375 533.8907020568848 960
110 9.2 0.8920394234035326 0.4245024842565419 7020.36181640625 0.493896484375 490.0594442743189 1046
111 1 0.789306640625 0.06798595342292028 7020.36181640625 0.493896484375 450.5133974849654 1138
