0 19.5 3252.3646371694713 3121.7974450546253 7946.89111328125 19.046875 0 0
10 42.3 4504.254926677011 4890.924288913374 16643.22802734375 19.046875 3252.3646371694713 195
20 47.4 1827.5343599601129 642.1287132483054 16643.22802734375 19.046875 4109.241000376089 618
30 50.3 1637.5216998788521 274.797394560774 16643.22802734375 19.046875 3118.829876239484 1092
40 50.2 1745.4775755376932 311.2220497078897 16643.22802734375 19.046875 2651.683786766507 1595
50 40.4 1794.5770173025599 461.34346736147336 16643.22802734375 19.046875 2434.7474405400576 2097
60 46.6 2166.727254581042 542.3467087925856 16643.22802734375 19.046875 2331.337264215408 2501
70 38.7 2775.1872754158603 619.2190897997316 16643.22802734375 19.046875 2305.483450770981 2967
80 49.3 1998.7263921462982 737.1138079186787 16643.22802734375 19.046875 2359.6800459223136 3354
90 45.7 1506.202835450286 270.01812562020353 16643.22802734375 19.046875 2313.423183091127 3847
100 50.7 1772.1697191467888 255.47474497123065 16643.22802734375 19.046875 2227.712286513092 4304
110 49.7 1480.5681171992887 400.3405188149794 16643.22802734375 19.046875 2179.7056181167677 4811
111 2.9 1335.0842790274783 153.9407120399406 16643.22802734375 19.046875 2114.2437986073505 5308
