0 19.5 3252.5746982672276 3121.710678393865 7946.98388671875 19.159912109375 0 0
10 42.3 4504.388244773198 4890.928017183291 16643.352783203125 19.159912109375 3252.5746982672276 195
20 47.4 1827.678252529997 642.1327603594592 16643.352783203125 19.159912109375 4109.398533497042 618
30 50.3 1637.662409333064 274.79682149637136 16643.352783203125 19.159912109375 3118.9814884618963 1092
40 50.2 1745.6119287498445 311.22076124791477 16643.352783203125 19.159912109375 2651.8319606864716 1595
50 40.4 1794.7094363977412 461.3432329074136 16643.352783203125 19.159912109375 2434.892305926249 2097
60 46.6 2166.8576712546974 542.3464779103209 16643.352783203125 19.159912109375 2331.4801190851786 2501
70 38.7 2775.3180382701457 619.219728731949 16643.352783203125 19.159912109375 2305.624352085177 2967
80 49.3 1998.866578386472 737.1134132092711 16643.352783203125 19.159912109375 2359.8197774142122 3354
90 45.7 1506.337264513813 270.01531994577323 16643.352783203125 19.159912109375 2313.5629728598383 3847
100 50.7 1772.2959244406431 255.47458450265117 16643.352783203125 19.159912109375 2227.8515070805324 4304
110 49.7 1480.6942735514651 400.34292976398064 16643.352783203125 19.159912109375 2179.8434670891743 4811
111 2.9 1335.2139513739223 153.95089534511237 16643.352783203125 19.159912109375 2114.380552773379 5308
