0 1.1 1.3638805042613635 0.49460846799107994 2.39697265625 0.86083984375 0 0
10 0.5 0.91396484375 0.13022366649628195 2.39697265625 0.742919921875 1.3638805042613635 11
20 0.7 0.9332798549107143 0.10827006309453123 2.39697265625 0.72900390625 1.2232818603515625 16
30 0.4 1.12579345703125 0.18617578632825915 2.39697265625 0.72900390625 1.1350203804347827 23
40 0.5 0.983349609375 0.134047246034044 2.39697265625 0.72900390625 1.1336534288194446 27
50 0.7 1.172119140625 0.27491247220898335 2.39697265625 0.72900390625 1.1101684570312502 32
60 0.3 1.0196940104166667 0.1319028833529959 2.39697265625 0.72900390625 1.1212878104967952 39
70 0.8 0.986907958984375 0.09737370147347318 2.39697265625 0.72900390625 1.1140311104910718 42
80 0.5 1.018310546875 0.1558142881264051 2.39697265625 0.72900390625 1.0936914062500003 50
90 0.9 0.9098036024305556 0.08653996846560587 2.39697265625 0.72900390625 1.086838600852273 55
100 0.5 0.950390625 0.21097555311781196 2.39697265625 0.7109375 1.061943054199219 64
110 0.7 0.9658551897321429 0.11300402981305448 2.39697265625 0.7109375 1.0538595448369568 69
111 0 0 0 2.39697265625 0.7109375 1.045753880550987 76
