0 3.1 144.35274382560485 332.19362700736076 1323.593017578125 19.030029296875 0 0
10 2.5 22.78470703125 5.3335625652442555 1323.593017578125 18.924072265625 144.35274382560485 31
20 4.4 25.924843528053977 8.176631239919454 1323.593017578125 18.884033203125 90.081298828125 56
30 3.4 28.176133099724264 13.094272323309964 1323.593017578125 18.884033203125 61.85245849609375 100
40 3 23.940576171875 7.471701077721593 1323.593017578125 18.884033203125 53.30771921641791 134
50 3.4 26.868207146139707 10.591912147980645 1323.593017578125 18.884033203125 47.93568085461128 164
60 2.8 25.371939522879465 8.67046558151841 1323.593017578125 18.884033203125 44.318033854166664 198
70 3.6 24.04859076605903 7.218543952600831 1323.593017578125 18.884033203125 41.970730131706304 226
80 3.3 21.03885535037879 4.982199292911299 1323.593017578125 18.884033203125 39.50814609673187 262
90 2.4 22.126291910807293 5.368735193676587 1323.593017578125 18.884033203125 37.44208984375 295
100 3.6 26.443861219618057 9.680651899851012 1323.593017578125 18.884033203125 36.289804105848354 319
110 4.5 25.93635525173611 11.067246359702795 1323.593017578125 18.884033203125 35.29134229203345 355
111 0.4 24.45501708984375 5.399712436509053 1323.593017578125 18.884033203125 34.23890625 400
