0 3.1 144.62251134072577 332.16929009563904 1323.77783203125 19.155029296875 0 0
10 2.5 22.923916015625 5.343524627787278 1323.77783203125 19.0458984375 144.62251134072577 31
20 4.4 26.06353759765625 8.168386226049892 1323.77783203125 19.0458984375 90.29278128487722 56
30 3.4 28.402753044577207 13.11348114796059 1323.77783203125 19.0458984375 62.03191406249999 100
40 3 24.1330078125 7.4764952838019445 1323.77783203125 19.0458984375 53.49914186392257 134
50 3.4 27.042896943933822 10.574655916017779 1323.77783203125 19.0458984375 48.12728807402819 164
60 2.8 25.543178013392858 8.695973664260086 1323.77783203125 19.0458984375 44.50673606178977 198
70 3.6 24.23361545138889 7.226654992591993 1323.77783203125 19.0458984375 42.157268692961836 226
80 3.3 21.23059451941288 4.973552345746775 1323.77783203125 19.0458984375 39.69447664450143 262
90 2.4 22.265981038411457 5.3669702845855545 1323.77783203125 19.0458984375 37.62902542372881 295
100 3.6 26.61798095703125 9.693902964473617 1323.77783203125 19.0458984375 36.47318509379898 319
110 4.5 26.070871310763888 11.059640334782411 1323.77783203125 19.0458984375 35.473784110915496 355
111 0.4 24.63311767578125 5.430671359535587 1323.77783203125 19.0458984375 34.41595642089844 400
