0 5.2 0.9317767803485577 0.3820047717513348 3.51318359375 0.60302734375 0 0
10 2.6 0.9438570462740384 0.15811865716394552 3.51318359375 0.60302734375 0.9317767803485577 52
20 2.8 1.0345458984375004 0.18356415182458025 3.51318359375 0.60302734375 0.9358035356570513 78
30 3.4 1.047535615808824 0.19814247870960916 3.51318359375 0.60302734375 0.9618864239386794 106
40 2.9 0.9894430226293104 0.13709791484176617 3.51318359375 0.60302734375 0.982686941964286 140
50 2.9 1.1025727370689657 0.21375808947573807 3.51318359375 0.60302734375 0.9838462694156807 169
60 3.3 1.0759499289772727 0.17093398071731797 3.51318359375 0.60302734375 1.0012354995265154 198
70 2.7 1.0879810474537037 0.22886965171223128 3.51318359375 0.60302734375 1.011908989448052 231
80 2.5 1.0545214843750004 0.21798397238022035 3.51318359375 0.60302734375 1.019870018774225 258
90 2.6 1.0364896334134617 0.14020603451451008 3.51318359375 0.60302734375 1.0229311023078622 283
100 2.6 1.0010516826923077 0.20756648455613122 3.51318359375 0.60302734375 1.024071949585356 309
110 3 0.8816487630208333 0.17793383109047028 3.51318359375 0.599853515625 1.022285302005597 335
111 0.1 0.944091796875 0.0 3.51318359375 0.599853515625 1.0107261344178082 365
