0 16.1 973.8409507230206 1693.8285444511127 4934.739990234375 19.02392578125 0 0
10 16.2 45.8724093967014 31.224254945196304 4934.739990234375 18.97509765625 973.8409507230206 161
20 16.6 42.13687611775225 27.662205191902288 4934.739990234375 18.97509765625 508.4201962497583 323
30 19.1 42.77786526505236 40.02987699795678 4934.739990234375 18.93701171875 350.13178900658244 489
40 16.9 39.251109467455635 24.610681304842682 4934.739990234375 18.912109375 263.80149572035856 680
50 16.1 66.49808326863354 87.79056686113545 4934.739990234375 18.912109375 219.10300893974537 849
60 16 35.258049011230476 17.655975156590696 4934.739990234375 18.9091796875 194.77687722385525 1010
70 16.1 34.94169284986413 22.19471418430794 4934.739990234375 18.9091796875 172.96233661358178 1170
80 18.9 37.931950644841265 20.05693832613118 4934.739990234375 18.9091796875 156.26712726274891 1331
90 16.8 42.85612851097469 35.539514551924235 4934.739990234375 18.9091796875 141.55308227539066 1520
100 17.5 43.268272879464284 36.98267202274755 4934.739990234375 18.9091796875 131.73016270642034 1688
110 17 42.882983398437524 28.440415148325542 4934.739990234375 18.9091796875 123.42053805815554 1863
111 1.6 43.641265869140625 31.915948912651377 4934.739990234375 18.9091796875 116.68596634534096 2033
