0 16.1 974.0219908530668 1693.797024732511 4934.838134765625 19.1259765625 0 0
10 16.2 46.01231855227621 31.215436902771554 4934.838134765625 19.0869140625 974.0219908530668 161
20 16.6 42.289868458207835 27.663497395889564 4934.838134765625 19.0869140625 508.5806072223297 323
30 19.1 42.947617136371036 40.03628925401518 4934.838134765625 19.049072265625 350.28968158870146 489
40 16.9 39.39234120747041 24.606658831706724 4934.838134765625 19.014892578125 263.96271936753215 680
50 16.1 66.68619134559394 87.80216402449997 4934.838134765625 19.014892578125 219.26025304356224 849
60 16 35.41736450195312 17.657052648748106 4934.838134765625 19.014892578125 194.93904122834155 1010
70 16.1 35.11716930318323 22.189172782684313 4934.838134765625 19.014892578125 173.12411107772434 1170
80 18.9 38.09493840939151 20.05405918260987 4934.838134765625 19.014892578125 156.43055914256198 1331
90 16.8 43.01054019019718 35.529764002010886 4934.838134765625 19.014892578125 141.71645893297696 1520
100 17.5 43.44085658482142 36.96707868453647 4934.838134765625 19.014892578125 131.89264711497518 1688
110 17 43.029008214613974 28.434475108607653 4934.838134765625 19.014892578125 123.58397113924951 1863
111 1.6 43.77262878417969 31.906769992138493 4934.838134765625 19.014892578125 116.84794374269859 2033
