0 17.5 1.4722642299107136 2.294968294627112 11.034912109375 0.449951171875 0 0
10 9.2 1.443184230638587 3.879984332544128 37.25 0.449951171875 1.4722642299107136 175
20 10.6 1.1584610849056605 2.076666406226674 37.25 0.449951171875 1.4622441552551493 267
30 8.8 0.9739379882812501 0.7572149928329408 37.25 0.449951171875 1.3759143819118629 373
40 9 1.5560655381944448 2.8226993977620456 37.25 0.449951171875 1.2991813610018978 461
50 8.8 1.3958213112571018 2.040742646969615 37.25 0.449951171875 1.341140663991606 551
60 9.7 1.0123957997744844 1.5018069174000257 37.25 0.449951171875 1.3486710191705789 639
70 9.1 1.6485421316964286 2.9482825506290116 37.25 0.449951171875 1.3043521383534304 736
80 7.6 1.022778962787829 1.0160945455733608 37.25 0.449951171875 1.3422255233524785 827
90 8.5 1.4171932444852942 2.4522334271788195 37.25 0.449951171875 1.315339655575166 903
100 7.7 1.6921894023944808 3.4257344253910045 37.25 0.449951171875 1.324102363123102 988
110 9.1 4.419090187156593 12.498535678996982 64.56884765625 0.449951171875 1.3507152288732391 1065
111 1.1 6.675914417613637 8.271897212051929 64.56884765625 0.449951171875 1.5922568562121537 1156
