0 38.3 1638.1889673935223 1329.9067906871635 5664.47412109375 18.7568359375 0 0
10 46.6 446.83382720292354 236.69862420837194 5664.47412109375 7.363037109375 1638.1889673935223 383
20 46.7 561.206595247256 258.31609147088034 5664.47412109375 7.363037109375 984.2767231899662 849
30 50.2 655.5726790105202 295.0902082630742 5664.47412109375 7.363037109375 834.1446945051292 1316
40 48.9 780.8063006254793 326.5217756700386 5664.47412109375 7.363037109375 784.8360301606333 1818
50 46.1 434.5054600647368 226.5323046274625 5664.47412109375 7.363037109375 783.9818742253535 2307
60 48.3 452.9954871894409 217.2223496532177 5664.47412109375 7.363037109375 725.7778905085745 2768
70 46.9 856.2426731784715 237.66856245960795 5664.47412109375 7.363037109375 685.2506986281863 3251
80 50 916.7340600585937 204.25216680944615 5664.47412109375 7.363037109375 706.8085577851981 3720
90 49.8 459.861632565418 273.30610986821097 5664.47412109375 7.363037109375 731.6812476280176 4220
100 49.2 857.9791994172385 319.88062583265486 5664.47412109375 7.363037109375 702.98981729712 4718
110 47.3 614.1680874653142 229.09386213623154 5664.47412109375 7.363037109375 717.6260506950275 5210
111 4.1 911.7299745141006 54.708823246488 5664.47412109375 7.363037109375 709.0151732345921 5683
