0 38.3 1638.367138416898 1329.971296399986 5664.56591796875 18.877197265625 0 0
10 46.6 446.9663096415639 236.69669723738969 5664.56591796875 7.505859375 1638.367138416898 383
20 46.7 561.3522478712191 258.32031110690156 5664.56591796875 7.505859375 984.4298166155955 849
30 50.2 655.7061889162102 295.093912232746 5664.56591796875 7.505859375 834.2951474639058 1316
40 48.9 780.9534824737983 326.5245796195019 5664.56591796875 7.505859375 784.981804674608 1818
50 46.1 434.63266845173536 226.52882996695087 5664.56591796875 7.505859375 784.1279470429671 2307
60 48.3 453.13709936675076 217.2229041463326 5664.56591796875 7.505859375 725.920821526147 2768
70 46.9 856.3729281882996 237.66242118355896 5664.56591796875 7.505859375 685.3934337060953 3251
80 50 916.8757543945312 204.25644967709576 5664.56591796875 7.505859375 706.9497194351688 3720
90 49.8 459.98299349742734 273.3019747616705 5664.56591796875 7.505859375 731.8224723924393 4220
100 49.2 858.0970597926195 319.87978765490226 5664.56591796875 7.505859375 703.1289453704562 4718
110 47.3 614.2923793026564 229.09261238413495 5664.56591796875 7.505859375 717.7631703792287 5210
111 4.1 911.847822980183 54.69531188384665 5664.56591796875 7.505859375 709.1512252482734 5683
