0 15.5 0.9094427293346774 0.5513073076362291 4.7490234375 0.495849609375 0 0
10 6.2 0.8574888167842742 0.08779697878529677 4.7490234375 0.495849609375 0.9094427293346774 155
20 10 11.664677734375003 17.496484284160623 49.320068359375 0.495849609375 0.8945987543202765 217
30 8.1 0.9339946228780864 0.4265662033931229 49.320068359375 0.495849609375 4.292100009858045 317
40 6.8 0.8928797104779411 0.14786371471277726 49.320068359375 0.495849609375 3.608666501452576 398
50 8.3 0.8578778002635541 0.1299019956127914 49.320068359375 0.495849609375 3.212371433241685 466
60 7.5 5.630055338541666 13.58404086326474 54.5810546875 0.495849609375 2.8564097364526417 549
70 7.7 19.86550071022727 23.30985499828868 54.5810546875 0.495849609375 3.1897806020883417 624
80 10.3 0.9075560338288835 0.15450828186730436 54.5810546875 0.495849609375 5.02149308186965 701
90 8.2 0.9523836461509146 0.5346163095963011 54.5810546875 0.495849609375 4.494458858053482 804
100 7.9 1.2915409909018989 2.167614777086161 54.5810546875 0.495849609375 4.166636998712613 886
110 7.3 0.9489110659246576 0.2844567778873413 54.5810546875 0.495849609375 3.9312664447053107 965
111 1.1 0.7871981534090909 0.08016437175889048 54.5810546875 0.495849609375 3.7215246887795037 1038
