0 25 1852.215017578125 2402.331713082925 7067.658935546875 19.059814453125 0 0
10 49.7 937.0172200193347 2106.071541768861 9214.468994140625 19.059814453125 1852.215017578125 250
20 42.6 339.85601777985676 214.41844320133387 9214.468994140625 18.949951171875 1243.3083169265603 747
30 47.7 363.19808096255895 175.2684547517232 9214.468994140625 18.949951171875 915.2003208170158 1173
40 46.6 336.4403102367221 216.99803361779232 9214.468994140625 18.949951171875 755.6214914772729 1650
50 44.9 315.98315919056233 196.68664784123342 9214.468994140625 18.949951171875 663.3065432456582 2116
60 36 1089.7712232801655 940.7636608978052 9214.468994140625 18.949951171875 602.5080249451755 2565
70 45.5 315.8026512062154 154.68363064423608 9214.468994140625 18.885009765625 662.4788801248666 2925
80 44.7 236.7203421027335 122.11691180838416 9214.468994140625 18.885009765625 615.8109262319713 3380
90 45.5 281.73317093063184 182.48018896708854 9214.468994140625 18.885009765625 571.5325120418042 3827
100 39.4 646.7083213535061 537.9825244596051 9214.468994140625 18.885009765625 540.7387941049561 4282
110 45.2 328.1257010940956 265.67355379210017 9214.468994140625 18.759033203125 549.6677919099023 4676
111 6.4 858.6999473571777 85.6411310886078 9214.468994140625 18.759033203125 530.1402909253578 5128
