0 25 1852.4251611328125 2402.291878323906 7067.76513671875 19.193115234375 0 0
10 49.7 937.1384886467239 2106.0714521888367 9214.587890625 19.193115234375 1852.4251611328125 250
20 42.6 339.98695452336415 214.4171724925882 9214.587890625 19.06005859375 1243.459329505522 747
30 47.7 363.32711772798757 175.2714971774435 9214.587890625 19.06005859375 915.3440424276029 1173
40 46.6 336.57768544209335 217.00370049453187 9214.587890625 19.06005859375 755.7609678326231 1650
50 44.9 316.11369503845356 196.67493666817901 9214.587890625 19.06005859375 663.4455568713818 2116
60 36 1089.9129041883677 940.7672097783889 9214.587890625 19.06005859375 602.6455545466314 2565
70 45.5 315.93831773695064 154.6865604381736 9214.587890625 19.009033203125 662.6169206563835 2925
80 44.7 236.8478179180649 122.12127272133375 9214.587890625 19.009033203125 615.9486471864599 3380
90 45.5 281.86765914749344 182.4783278175944 9214.587890625 19.009033203125 571.6690363469061 3827
100 39.4 646.8409838991112 537.9773102634315 9214.587890625 19.009033203125 540.8751020578512 4282
110 45.2 328.26523718369765 265.6674556256982 9214.587890625 18.8701171875 549.8037927005921 4676
111 6.4 858.8232727050781 85.63499150561783 9214.587890625 18.8701171875 530.2766033297582 5128
