0 10.2 1.3900649126838236 2.16759755460379 13.636962890625 0.6689453125 0 0
10 4.5 0.9576605902777777 0.14539601731259233 13.636962890625 0.6689453125 1.3900649126838236 102
20 5.2 2.9098369891826925 8.003937754170158 44.1279296875 0.6689453125 1.2576962425595237 147
30 5.8 1.5552010371767242 2.7442670592670098 44.1279296875 0.6689453125 1.689411412531407 199
40 5.9 0.9522270590572034 0.11193549885542363 44.1279296875 0.6689453125 1.659122689688716 257
50 5.5 0.9759144176136364 0.17491946793831498 44.1279296875 0.6689453125 1.5271390118176424 316
60 7.4 0.9013539907094594 0.11731807473763718 44.1279296875 0.6689453125 1.4454210800623315 371
70 5.2 6.682363656850962 13.784464887400544 51.542236328125 0.656982421875 1.3549470022823034 445
80 6.4 12.110912322998045 20.267358909989994 54.698974609375 0.656982421875 1.912342708595322 497
90 5.2 0.9080012394831731 0.12398475049272352 54.698974609375 0.656982421875 3.0758158909870765 561
100 5.4 0.9696497034143519 0.15955402776987773 54.698974609375 0.656982421875 2.8919229678578713 613
110 7.1 4.747661751760563 8.759621639582218 54.698974609375 0.656982421875 2.736296646598576 667
111 0.2 0.8614501953125 0.0184326171875 54.698974609375 0.656982421875 2.9298019615938347 738
