0 17.9 3170.864466491359 2976.2483472399454 7497.291015625 19.099853515625 0 0
10 31.6 70.07169158549249 52.0492597891987 7497.291015625 19.057861328125 3170.864466491359 179
20 33.8 84.17683726654954 57.76535311231443 7497.291015625 18.711181640625 1191.3684728140786 495
30 34.4 72.77435728561055 61.595909658079606 7497.291015625 0.6240234375 742.1118427839888 833
40 30.1 83.3314829474668 73.21644124893683 7497.291015625 0.6240234375 546.4855938362894 1177
50 34.7 76.57127006596725 70.88891738151966 7497.291015625 0.6240234375 452.1625983169825 1478
60 27.3 585.2864833733977 574.6832035051859 7497.291015625 0.6240234375 380.7487950824059 1825
70 31.7 99.36359162435927 87.48164230674537 7497.291015625 0.6240234375 407.3640424148372 2098
80 33.3 92.11089556353232 69.27612648751877 7497.291015625 0.6240234375 366.93499773550735 2415
90 31.9 81.4361254653213 72.25002259293677 7497.291015625 0.6240234375 333.6320770574623 2748
100 35.5 85.63222106073947 71.91778238120379 7497.291015625 0.6240234375 307.40106676796347 3067
110 30.1 83.67111013418814 55.764928823988384 7497.291015625 0.6240234375 284.39465524661205 3422
111 3.3 59.85215435606061 36.77825188865737 7497.291015625 0.6240234375 268.16640193507845 3723
