0 17.9 3171.0408001265714 2976.206413282147 7497.443115234375 19.230224609375 0 0
10 31.6 70.21756560893 52.05538638279004 7497.443115234375 19.169189453125 3171.0408001265714 179
20 33.8 84.32855477417709 57.7601350245297 7497.443115234375 18.828125 1191.5253615254103 495
30 34.4 72.91463381745095 61.589722309738 7497.443115234375 0.76806640625 742.2666332157863 833
40 30.1 83.47090995509761 73.22273728030063 7497.443115234375 0.76806640625 546.6361423126194 1177
50 34.7 76.71316431578711 70.8803631742768 7497.443115234375 0.76806640625 452.3108818663311 1478
60 27.3 585.4292475103022 574.6948977745558 7497.443115234375 0.76806640625 380.8958637895975 1825
70 31.7 99.50359972643928 87.4714510991986 7497.443115234375 0.76806640625 407.5105509944366 2098
80 33.3 92.25669883750936 69.27397693593953 7497.443115234375 0.76806640625 367.0806530433165 2415
90 31.9 81.56365335398705 72.24745417816212 7497.443115234375 0.76806640625 333.7777502956696 2748
100 35.5 85.77262736575706 71.91603128899331 7497.443115234375 0.76806640625 307.5448527004962 3067
110 30.1 83.81045603197673 55.75436654761991 7497.443115234375 0.76806640625 284.5380905748877 3422
111 3.3 59.97327769886364 36.77070910940593 7497.443115234375 0.76806640625 268.309506637897 3723
