0 7.8 14.039472531049679 32.43683684888744 108.927001953125 0.534912109375 0 0
10 2.9 0.8411738954741379 0.10978545769057586 108.927001953125 0.534912109375 14.039472531049679 78
20 4.4 1.0845836292613635 1.6880810492288278 108.927001953125 0.534912109375 10.46236355505257 107
30 4.5 1.1444390190972225 1.9351824865401803 108.927001953125 0.534912109375 7.729765430980961 151
40 4.1 5.425418016387196 14.67142516620247 108.927001953125 0.534912109375 6.217828244579081 196
50 5 0.8854345703125 0.139214154905101 108.927001953125 0.534912109375 6.080744618604958 237
60 4.2 1.0996558779761902 1.300132786469882 108.927001953125 0.534912109375 5.175638338414634 287
70 5.3 1.254482053360849 2.51431824641545 108.927001953125 0.534912109375 4.655300151975684 329
80 4.5 0.8217936197916667 0.09265979825095283 108.927001953125 0.534912109375 4.183458897455824 382
90 3.8 1.0586836965460527 0.9253253452464232 108.927001953125 0.534912109375 3.829185039153981 427
100 4 0.96099853515625 0.6725035228202685 108.927001953125 0.534912109375 3.60277847782258 465
110 5.3 1.2042950324292447 1.110701250861241 108.927001953125 0.534912109375 3.393528581373762 505
111 0.6 1.2438151041666667 0.8316799809301751 108.927001953125 0.534912109375 3.185590627800179 558
