0 16.4 2150.43108981993 2601.25756055809 6302.72412109375 19.05615234375 0 0
10 22.4 50.37110246930803 37.90463786549494 6302.72412109375 18.98388671875 2150.43108981993 164
20 25.2 139.53378538101438 166.58053311239522 6302.72412109375 18.89501953125 938.0253239267875 388
30 23.8 62.52173261882873 60.31665927575186 6302.72412109375 18.836181640625 623.6192806243893 640
40 24.1 51.39712663705913 34.866020909003325 6302.72412109375 18.836181640625 471.52222319235807 878
50 24.5 58.275477319834195 53.902881962974185 6302.72412109375 18.836181640625 381.03951696373696 1119
60 25.7 59.272292793956694 44.92255668866897 6302.72412109375 18.834228515625 323.0650377021855 1364
70 23.6 51.3606867386123 35.91352379484597 6302.72412109375 18.834228515625 281.24225211217026 1621
80 23.8 74.73988355107666 84.48355028346401 6302.72412109375 18.834228515625 252.02736281321515 1857
90 25.6 186.27762508392334 220.50171280235145 6302.72412109375 18.834228515625 231.88682817627532 2095
100 20.4 76.5561044730392 89.63110354505149 6302.72412109375 18.834228515625 226.92044961751643 2351
110 25.9 66.55967023105697 79.45001006033816 6302.72412109375 18.834228515625 214.9148424122431 2555
111 2.1 75.34291294642857 61.572986115741976 6302.72412109375 18.834228515625 201.26026188810408 2814
