0 16.4 2151.351191823076 2600.9993855835633 6302.841064453125 19.201904296875 0 0
10 22.4 50.51711164202009 37.91044848091505 6302.841064453125 19.095947265625 2151.351191823076 164
20 25.2 139.6715271964906 166.5799800438462 6302.841064453125 19.01904296875 938.4985269762809 388
30 23.8 62.65487850413598 60.313116175507865 6302.841064453125 18.994873046875 623.9603958129885 640
40 24.1 51.5364215265171 34.8628597385577 6302.841064453125 18.994873046875 471.8069640140057 878
50 24.5 58.40962412308675 53.898316564372884 6302.841064453125 18.994873046875 381.2929329688897 1119
60 25.7 59.40429212518238 44.92090565956024 6302.841064453125 18.9599609375 323.29703072019345 1364
70 23.6 51.50582937466896 35.91157023056605 6302.841064453125 18.9599609375 281.45839172024415 1621
80 23.8 74.88630637802 84.47905877334173 6302.841064453125 18.9599609375 252.234479650478 1857
90 25.6 186.40697383880618 220.49765030222952 6302.841064453125 18.9599609375 232.08704994219875 2095
100 20.4 76.69140026616114 89.62351277015682 6302.841064453125 18.9599609375 227.11295403302455 2351
110 25.9 66.70227663489376 79.45433175754815 6302.841064453125 18.9599609375 215.10277909430044 2555
111 2.1 75.45856584821429 61.56079152945892 6302.841064453125 18.9599609375 201.44402638037496 2814
