0 2.6 1.0839468149038458 0.2894430426845336 2.252197265625 0.719970703125 0 0
10 1.7 1.1546559053308822 0.20737350435111307 2.252197265625 0.719970703125 1.0839468149038458 26
20 1.4 1.0885707310267856 0.23064012004888226 2.252197265625 0.719970703125 1.1119015715843021 43
30 1.3 0.9892953725961539 0.21603226673652512 2.252197265625 0.71484375 1.1061711896929822 57
40 1.2 1.0264485677083333 0.19160812354598328 2.252197265625 0.677001953125 1.0844656808035713 70
50 1.8 0.9566514756944444 0.1778974559900357 2.252197265625 0.677001953125 1.0759753715701217 82
60 1.8 0.896484375 0.13565531511484297 2.252197265625 0.660888671875 1.0544970703124996 100
70 1.2 0.9488728841145834 0.21957777755067864 2.252197265625 0.632080078125 1.0303934388241522 118
80 1.5 0.8941243489583334 0.15570695393323655 2.252197265625 0.632080078125 1.022868464543269 130
90 1.5 0.8763346354166667 0.08420597933461756 2.252197265625 0.632080078125 1.0095501077586204 145
100 1.4 1.0243617466517858 0.1707232684700992 2.252197265625 0.632080078125 0.9970611572265623 160
110 1.3 2.196026141826923 4.046298097188701 16.203125 0.632080078125 0.9992577563757182 174
111 0.2 0.8580322265625 0.1129150390625 16.203125 0.632080078125 1.0824555585728608 187
