0 8.1 527.4824701003087 1104.2054238385492 3440.198974609375 19.044921875 0 0
10 8.9 27.586049969276687 10.64090776627495 3440.198974609375 19.044921875 527.4824701003087 81
20 8.6 35.36571413971657 31.0018614261782 3440.198974609375 19.028076171875 265.77199132582723 170
30 9.2 27.858167565387234 11.548804305514404 3440.198974609375 18.97119140625 188.3698825836182 256
40 8 27.80237731933594 14.397702441075634 3440.198974609375 18.97119140625 145.93575102707436 348
50 8 34.59621887207031 19.34942950654782 3440.198974609375 18.89111328125 123.85474659572138 428
60 8.5 32.27591911764706 31.126885916640298 3440.198974609375 18.89111328125 109.7982855368787 508
70 8.7 26.607273145653735 10.70843263016593 3440.198974609375 18.89111328125 98.6863105863986 593
80 9.6 26.050493876139324 13.642176285598216 3440.198974609375 18.89111328125 89.46443373736213 680
90 8.8 32.478093927556806 21.339236319983883 3440.198974609375 18.864990234375 81.6194102493758 776
100 8.6 25.16696663789971 9.113204138482944 3440.198974609375 18.864990234375 76.6142761795609 864
110 7.6 29.041635613692435 14.964000316179668 3440.198974609375 18.864990234375 71.95694078947369 950
111 1 21.6080322265625 4.07930382575751 3440.198974609375 18.864990234375 68.77802929497138 1026
