0 8.1 527.6735749421297 1104.184786661607 3440.43212890625 19.1650390625 0 0
10 8.9 27.76120578037219 10.634382242422287 3440.43212890625 19.1650390625 527.6735749421297 81
20 8.6 35.52507551326309 30.996054412097877 3440.43212890625 19.135009765625 265.9547463809743 170
30 9.2 28.025239363960598 11.527512759293055 3440.43212890625 19.083984375 188.54477882385257 256
40 8 27.95588073730469 14.412975882698952 3440.43212890625 19.083984375 146.10857873675468 348
50 8 34.74852294921875 19.36099608113223 3440.43212890625 19.022216796875 124.02396228825934 428
60 8.5 32.4230842141544 31.11340308288193 3440.43212890625 19.022216796875 109.96483798289862 508
70 8.7 26.755107309626435 10.722406113236385 3440.43212890625 19.022216796875 98.85008407000949 593
80 9.6 26.189984639485672 13.638432917558323 3440.43212890625 19.022216796875 89.62616792566637 680
90 8.8 32.61427168412643 21.329569184830827 3440.43212890625 18.991943359375 81.77839267376771 776
100 8.6 25.31664755178052 9.122776835228473 3440.43212890625 18.991943359375 76.77093590630426 864
110 7.6 29.19536068564967 14.963485509709262 3440.43212890625 18.991943359375 72.11296875 950
111 1 21.793115234375 4.059894402850154 3440.43212890625 18.991943359375 68.93388667115923 1026
