0 13.2 0.9083288944128788 0.39886577556858355 3.22412109375 0.5888671875 0 0
10 7.2 1.008100721571181 1.39053488993447 12.68701171875 0.5888671875 0.9083288944128788 132
20 8.5 3.69665096507353 11.170507352659667 76.199951171875 0.5361328125 0.9435424804687501 204
30 6.9 1.6824827332427537 3.0038596840445093 76.199951171875 0.5361328125 1.7532802700583914 289
40 7.6 1.103416041324013 1.5188874099790253 76.199951171875 0.5361328125 1.7396349347503495 358
50 6.9 0.8153695369112319 0.16330825948266336 76.199951171875 0.5361328125 1.628223331293203 434
60 7.6 1.078468724300987 1.522459027987962 76.199951171875 0.5361328125 1.5167185364376246 503
70 7.7 1.1358848670860389 1.6580466057773176 76.199951171875 0.5361328125 1.4591935179188258 579
80 6.7 0.8835121268656716 0.2830813171622296 76.199951171875 0.5361328125 1.4212441793302213 656
90 7.1 1.0102986080545775 0.6472209901247582 76.199951171875 0.5361328125 1.3714128549662865 723
100 7.5 1.1891731770833338 1.9034926940690478 76.199951171875 0.5361328125 1.339121782509446 794
110 5.9 0.8923670881885594 0.16847423270627312 76.199951171875 0.5361328125 1.326180303329977 869
111 0.5 0.7904296875 0.08104492128663845 76.199951171875 0.5361328125 1.2985995062466325 928
