0 31.7 1242.3757239501178 1769.9331470601865 6109.93798828125 18.775146484375 0 0
10 38.1 136.86702538037255 114.10357397497265 6109.93798828125 18.775146484375 1242.3757239501178 317
20 39.7 144.2673143055337 98.63157386450703 6109.93798828125 18.775146484375 638.9390274528787 698
30 37.8 128.25720085668817 116.10287216541437 6109.93798828125 18.775146484375 459.5922967501426 1095
40 40.3 155.89233459018308 105.62521581923676 6109.93798828125 18.775146484375 374.5653678650607 1473
50 39.7 193.90415604829175 166.29516382511702 6109.93798828125 18.775146484375 327.5902972841568 1876
60 41.6 149.6643260075495 109.85821581387809 6109.93798828125 18.775146484375 304.2408040722613 2273
70 38.2 152.2769449443718 131.95206726755504 6109.93798828125 18.775146484375 280.32715034413934 2689
80 42 159.6869780040923 104.65675976597663 6109.93798828125 18.775146484375 264.399055761687 3071
90 41.1 140.61072222855842 101.07138980948837 6109.93798828125 18.775146484375 251.801211975325 3491
100 29.8 1255.202213159343 932.0963905576059 6109.93798828125 18.775146484375 240.08945101019916 3902
110 32.6 841.0267588609565 779.9727028512469 6109.93798828125 18.775146484375 312.11411841982886 4200
111 3.7 57.616474873310814 31.195066864214397 6109.93798828125 18.775146484375 350.21078673264543 4526
