0 31.7 1242.5470367335363 1769.9332226067932 6110.10595703125 18.908935546875 0 0
10 38.1 136.9936869463582 114.10209308576306 6110.10595703125 18.908935546875 1242.5470367335363 317
20 39.7 144.39373979160106 98.63073645893735 6110.10595703125 18.908935546875 639.0859675803632 698
30 37.8 128.41572239790014 116.07448942370513 6110.10595703125 18.908935546875 459.73179914918643 1095
40 40.3 156.01221248352206 105.62642494328382 6110.10595703125 18.908935546875 374.70975094009873 1473
50 39.7 194.01812236795516 166.29156203119862 6110.10595703125 18.908935546875 327.72941618636713 1876
60 41.6 149.77258066030657 109.85489436986423 6110.10595703125 18.908935546875 304.3755298485275 2273
70 38.2 152.40517501431614 131.9507092839483 6110.10595703125 18.908935546875 280.45778092242114 2689
80 42 159.81001615978425 104.65474567802397 6110.10595703125 18.908935546875 264.5293877420577 3071
90 41.1 140.75625380170337 101.07459600656094 6110.10595703125 18.908935546875 251.93066644026598 3491
100 29.8 1255.3324703754188 932.0978519595575 6110.10595703125 18.908935546875 240.2205988865886 3902
110 32.6 841.1568513647909 779.9705583295348 6110.10595703125 18.908935546875 312.2452031017484 4200
111 3.7 57.748812288851354 31.194238637312143 6110.10595703125 18.908935546875 350.341799949683 4526
