0 0.6 1.8709309895833333 1.3128818203833483 3.93701171875 0.7548828125 0 0
10 0.3 1.08837890625 0.25324817376389935 3.93701171875 0.7548828125 1.8709309895833333 6
20 0.3 1.2074381510416667 0.22512910576766051 3.93701171875 0.7548828125 1.6100802951388888 9
30 0.2 1.39501953125 0.0419921875 3.93701171875 0.7548828125 1.5094197591145833 12
40 0.1 0.875 0.0 3.93701171875 0.7548828125 1.4930768694196428 14
50 0.4 0.86395263671875 0.11542345149563289 3.93701171875 0.68798828125 1.4518717447916667 15
60 0.2 0.8895263671875 0.1134033203125 3.93701171875 0.68798828125 1.328099300986842 19
70 0.1 0.98681640625 0.0 3.93701171875 0.68798828125 1.2863304501488095 21
80 0.6 1.0024820963541667 0.06073075405290558 3.93701171875 0.68798828125 1.2727161754261365 22
90 0.3 1.2349446614583333 0.20123125535272163 3.93701171875 0.68798828125 1.2148088727678572 28
100 0.4 0.95928955078125 0.04878641254201221 3.93701171875 0.68798828125 1.2167574974798387 31
110 0.2 1.0155029296875 0.0875244140625 3.93701171875 0.68798828125 1.1873325892857143 35
111 0 0 0 3.93701171875 0.68798828125 1.1780444995777026 37
