0 2.4 27.715403238932293 9.104990031497495 46.02001953125 19.0458984375 0 0
10 1 22.1373291015625 5.152831536456304 46.02001953125 19.026123046875 27.715403238932293 24
20 1.5 27.210660807291667 12.71093491368553 62.35205078125 18.996826171875 26.074793198529413 34
30 2.4 21.889272054036457 4.994778933579711 62.35205078125 18.996826171875 26.422507772640305 49
40 1.9 21.870168585526315 4.68387076480444 62.35205078125 18.996826171875 24.93212890625 73
50 1.3 23.74628155048077 6.180201731665255 62.35205078125 18.970947265625 24.29976753566576 92
60 1.8 21.15085177951389 3.250381709050576 62.35205078125 18.970947265625 24.23124069940476 105
70 1.1 20.996226917613637 3.7572594750860393 62.35205078125 18.970947265625 23.780452076981707 123
80 1.6 21.841964721679688 4.68136688399624 62.35205078125 18.970947265625 23.551896280317163 134
90 1.3 21.906156099759617 6.810662860829661 62.35205078125 18.970947265625 23.369503580729166 150
100 1.4 22.409040178571427 6.931278713727946 62.35205078125 18.95703125 23.252794885927916 163
110 1.9 20.50719572368421 3.4527914575856267 62.35205078125 18.95703125 23.186057225459038 177
111 0 0 0 62.35205078125 18.95703125 22.92637167171556 196
