0 2.4 28.990142822265625 9.312496850637382 46.133056640625 19.185791015625 0 0
10 1 22.3128662109375 5.147510456968045 46.133056640625 19.185791015625 28.990142822265625 24
20 1.5 27.6947265625 12.724798888232938 62.470947265625 19.108154296875 27.026237936580884 34
30 2.4 22.114532470703125 4.978411844554165 62.470947265625 19.108154296875 27.230877311862244 49
40 1.9 22.015625 4.684398302209344 62.470947265625 19.108154296875 25.548791336686644 73
50 1.3 23.890399639423077 6.166432222573892 62.470947265625 19.101806640625 24.81911568019701 92
60 1.8 21.31515842013889 3.2542661477138286 62.470947265625 19.101806640625 24.704131789434523 105
70 1.1 21.122580788352273 3.7549097467431443 62.470947265625 19.101806640625 24.208184467098576 123
80 1.6 21.982177734375 4.6808926235833646 62.470947265625 19.101806640625 23.95488864272388 134
90 1.3 22.055833082932693 6.836495596359119 62.470947265625 19.101806640625 23.744466145833332 150
100 1.4 22.537806919642858 6.926957722989798 62.470947265625 19.077880859375 23.609789889282975 163
110 1.9 20.65682822779605 3.4677279231440163 62.470947265625 19.077880859375 23.525000275865114 177
111 0 0 0 62.470947265625 19.077880859375 23.246963189572703 196
